programming is a wonderful tool




0101001001010100


01010010010		10100		0


01001010001		11011		0


10010001101		01000		0


00110001110		11001		0


00110000101		00011		0


10000000001		11000		0
00000101010		11111		0
11001001001		11100		0
00100000010		01001		0
01100010010		00110		0
01010100110		11001		0
10101000011		01110		0
10000001001		10101		0
00000000000		00000		0
00000001101		11100		0
00001100100		01011		0
01110010011		01010		0
01100011000		10111		0
01011101100		10111		0
11010010110		11101		0
10000011100		11101		0
00000000000		00000		0
00000000000		00000		0
00001000001		10100		0
10000010000		01010		0
00000000000		00000		0
00101010000		10011		0
11000010000		11100		0
00000000000		00000		0
00000000000		00000		0




01010010010
01001010001
10010001101
00110001110
00110000101
10000000001
00000101010
11001001001
00100000010
01100010010
01010100110
10101000011
10000001001
00000000000
00000001101
00001100100
01110010011
01100011000
01011101100
11010010110
10000011100
00000000000
00000000000
00001000001
10000010000
00000000000
00101010000
11000010000
00000000000
00000000000
